5 <- 3 1 (4.7619, 70)
1 <- 3 5 (22.381, 14.8936)
3 <- 1 5 (19.0476, 17.5)
1 <- 3 (33.3333, 14.2857)
3 <- 1 (47.619, 10)
2 <- 3 5 (22.381, 85.1064)
5 <- 3 2 (28.5714, 66.6667)
3 <- 5 2 (23.8095, 80)
5 <- 3 (33.3333, 67.1429)
3 <- 5 (42.8571, 52.2222)
2 <- 3 (33.3333, 85.7143)
3 <- 2 (52.381, 54.5455)
3 <-  (100, 33.3333)
4 <- 1 5 (19.0476, 82.5)
5 <- 1 4 (42.8571, 36.6667)
1 <- 5 4 (20.4762, 76.7442)
5 <- 1 (47.619, 40)
1 <- 5 (42.8571, 44.4444)
4 <- 1 (47.619, 90)
1 <- 4 (66.6667, 64.2857)
1 <-  (100, 47.619)
4 <- 5 2 (23.8095, 20)
2 <- 5 4 (20.4762, 23.2558)
5 <- 2 4 (23.8095, 20)
2 <- 5 (42.8571, 55.5556)
5 <- 2 (52.381, 45.4545)
4 <- 5 (42.8571, 47.7778)
5 <- 4 (66.6667, 30.7143)
5 <-  (100, 42.8571)
4 <- 2 (52.381, 45.4545)
2 <- 4 (66.6667, 35.7143)
2 <-  (100, 52.381)
4 <-  (100, 66.6667)
